column,start,length
AHAID,0,7
DISCWT,7,11
HFIPSSTCO,18,5
HOSPADDR,23,30
HOSPCITY,53,20
HOSPID,73,5
HOSPNAME,78,30
HOSPST,108,2
HOSPSTCO,110,5
HOSPWT,115,11
HOSPZIP,126,5
HOSP_BEDSIZE,131,2
HOSP_CONTROL,133,2
HOSP_LOCATION,135,2
HOSP_LOCTEACH,137,2
HOSP_REGION,139,2
HOSP_TEACH,141,2
IDNUMBER,143,6
NIS_STRATUM,149,4
N_DISC_U,153,8
N_HOSP_U,161,4
S_DISC_U,165,6
S_HOSP_U,171,4
TOTAL_DISC,175,6
YEAR,181,4