column,start,length
AGE,0,3
AGEDAY,3,3
AMONTH,6,2
ASOURCE,8,2
ASOURCEUB92,10,1
ASOURCE_X,11,4
ATYPE,15,2
AWEEKEND,17,2
DIED,19,2
DISCWT,21,11
DISPUB04,32,2
DISPUNIFORM,34,2
DQTR,36,2
DQTR_X,38,2
DRG,40,3
DRG24,43,3
DRGVER,46,2
DRG_NoPOA,48,3
DSHOSPID,51,17
DX1,68,5
DX2,73,5
DX3,78,5
DX4,83,5
DX5,88,5
DX6,93,5
DX7,98,5
DX8,103,5
DX9,108,5
DX10,113,5
DX11,118,5
DX12,123,5
DX13,128,5
DX14,133,5
DX15,138,5
DX16,143,5
DX17,148,5
DX18,153,5
DX19,158,5
DX20,163,5
DX21,168,5
DX22,173,5
DX23,178,5
DX24,183,5
DX25,188,5
DXCCS1,193,3
DXCCS2,196,3
DXCCS3,199,3
DXCCS4,202,3
DXCCS5,205,3
DXCCS6,208,3
DXCCS7,211,3
DXCCS8,214,3
DXCCS9,217,3
DXCCS10,220,3
DXCCS11,223,3
DXCCS12,226,3
DXCCS13,229,3
DXCCS14,232,3
DXCCS15,235,3
DXCCS16,238,3
DXCCS17,241,3
DXCCS18,244,3
DXCCS19,247,3
DXCCS20,250,3
DXCCS21,253,3
DXCCS22,256,3
DXCCS23,259,3
DXCCS24,262,3
DXCCS25,265,3
ECODE1,268,5
ECODE2,273,5
ECODE3,278,5
ECODE4,283,5
ELECTIVE,288,2
E_CCS1,290,4
E_CCS2,294,4
E_CCS3,298,4
E_CCS4,302,4
FEMALE,306,2
HCUP_ED,308,3
HOSPBRTH,311,2
HOSPID,313,5
HOSPST,318,2
KEY,320,14
LOS,334,5
LOS_X,339,6
MDC,345,2
MDC24,347,2
MDC_NoPOA,349,2
NCHRONIC,351,2
NDX,353,2
NECODE,355,3
NEOMAT,358,2
NIS_STRATUM,360,4
NPR,364,2
ORPROC,366,2
PAY1,368,2
PAY1_X,370,10
PAY2,380,2
PAY2_X,382,10
PL_NCHS2006,392,3
PR1,395,4
PR2,399,4
PR3,403,4
PR4,407,4
PR5,411,4
PR6,415,4
PR7,419,4
PR8,423,4
PR9,427,4
PR10,431,4
PR11,435,4
PR12,439,4
PR13,443,4
PR14,447,4
PR15,451,4
PRCCS1,455,3
PRCCS2,458,3
PRCCS3,461,3
PRCCS4,464,3
PRCCS5,467,3
PRCCS6,470,3
PRCCS7,473,3
PRCCS8,476,3
PRCCS9,479,3
PRCCS10,482,3
PRCCS11,485,3
PRCCS12,488,3
PRCCS13,491,3
PRCCS14,494,3
PRCCS15,497,3
PRDAY1,500,3
PRDAY2,503,3
PRDAY3,506,3
PRDAY4,509,3
PRDAY5,512,3
PRDAY6,515,3
PRDAY7,518,3
PRDAY8,521,3
PRDAY9,524,3
PRDAY10,527,3
PRDAY11,530,3
PRDAY12,533,3
PRDAY13,536,3
PRDAY14,539,3
PRDAY15,542,3
PointOfOriginUB04,545,1
PointOfOrigin_X,546,8
RACE,554,2
TOTCHG,556,10
TOTCHG_X,566,15
TRAN_IN,581,2
TRAN_OUT,583,2
YEAR,585,4
ZIPINC_QRTL,589,2
